0.000000000000000000000000000000000000000000000000000000000000000000000000000000000
-0.000000000000001959434878635765131478022447133434567401107399484128102074009802891
-0.000000000000003918869757271530262956044894266869134802214798968256204148019605782
-0.000000000000005878304635907295000003614730894400996339039557059269469618811854161
-0.000000000000007837739514543060525912089788533738269604429597936512408296039211564
-0.000000000000009797174393178826051820564846173075542869819638813755346973266568966
-0.000000000000011756609271814590000007229461788801992678079114118538939237623708323
-0.000000000000013716044150450355525915704519428139265943469154995781877914851065725
-0.000000000000015675479029086121051824179577067476539208859195873024816592078423128
-0.000000000000017634913907721886577732654634706813812474249236750267755269305780530
-0.000000000000019594348786357652103641129692346151085739639277627510693946533137932
-0.000000000000078397202525801426188352304388141045065176507056214916246972279623151
-0.000000000000023513218543629180000014458923577603985356158228237077878475247416645
0.000000000000031370765438543066188323386540985837094464190599740760490021784789860
-0.000000000000027432088300900711051831409038856278531886938309991563755829702131450
-0.000000000000086234942040344488291986204618698394158238067219723888001681189052761
-0.000000000000031350958058172242103648359154134953078417718391746049633184156846255
0.000000000000023533025924000007240133107194475709648316891567376707428138615796342
-0.000000000000035269827815443773155465309269413627624948498473500535510538611561060
-0.000000000000094072681554887550395620104849255743251299627383232859756390098482370
-0.000000000000039188697572715304207282259384692302171479278555255021387893066275865
0.000000000000015695286409456948291942827847965582202169592535012654366255446802825
-0.000000000000156794405051602852376704608776282090130353014112429832493944559246302
-0.000000000000101910421069430612499254005079813092344361187546741831511099007911980
-0.000000000000047026437087258360000028917847155207970712316456474155756950494833291
0.000000000000007857546894913887766030738059431843932565162937076141957959407591261
0.000000000000062741530877086132376646773081971674188928381199481520980043569579720
-0.000000000000109748160583973674602887905310370441437422747710250803265807917341590
-0.000000000000054864176601801422103662818077712557063773876619983127511659404262900
0.000000000000000019807380370827446578338309209789110561568784243838096947865068387
-0.000000000000172469884080688976583972409237396788316476134439447776003362378105521
-0.000000000000117585900098516724084747322004738903942827263349180100249213865026832
-0.000000000000062701916116344484207296718308269906156835436783492099266368313692510
-0.000000000000007817932134172233285793441517635632606643696258796882858632670831867
0.000000000000047066051848000014480266214388951419296633783134753414856277231592685
-0.000000000000125423639613059798810155705771485139623545868037268746775225736200809
-0.000000000000070539655630887546310930618538827255249896996947001071021077223122120
-0.000000000000015655671648715293811705531306169370876248125856733395266928710043430
-0.000000000000188145363109775100791240209698511486502599254766465719512780196964741
-0.000000000000133261379127602848292015122465853602128950383676198043758631683886051
-0.000000000000078377395145430608414564518769384604342958557110510042775786132551730
-0.000000000000250867086606490402772324713625537833381652641495662692250334657728672
0.000000000000031390572818913896583885655695931164404339185070025308732510893605649
-0.000000000000141099118642145923017423506232599837809668988364286690284643555060029
-0.000000000000313588810103205704753409217552564180260706028224859664987889118492603
-0.000000000000031331150677801411708086089999189625768542723921461501390695048030466
-0.000000000000203820842138861224998508010159626184688722375093483663022198015823960
0.000000000000078436817286543086979476842698031699684926495996784012731950497254729
-0.000000000000094052874174516720000057835694310415941424632912948311513900989666581
-0.000000000000266542565635576552223141481159030304743089850871839985302358400076628
0.000000000000015715093789827775532061476118863687865130325874152283915918815182522
-0.000000000000156774597671232021981142339621336762820478019642145284251455450430512
0.000000000000125483061754172264753293546163943348377856762398963041960087139159441
-0.000000000000047006629706887535915353890460304323954665844248479444900112866889685
-0.000000000000219496321167947349205775810620740882874845495420501606531615834683180
0.000000000000062761338257456962772209042236917001498803375669766069222532678395510
-0.000000000000109728353203602844207325636155425114127547753239966255023318808525801
-0.000000000000282218044664662651186860314547767229753898882149698579269170295447111
0.000000000000000039614760741654893156676618419578221123137568487676193895730136774
-0.000000000000172450076700318146188410140082451461006601139969163227760873269289732
