0.000000000000000000000000000000000000000000000000000000000000000000000000000000000	0.000000000000000000000000000000000000000000000000000000000000000000000000000000000
0.062648324178743677870251360673137241974472999572753906250000000000000000000000000	0.003924812522404959314048511487271753139793872833251953125000000000000000000000000
0.125050523694528098461731246970884967595338821411132812500000000000000000000000000	0.015637633476275732136162588403749396093189716339111328125000000000000000000000000
0.186961440827253383423212085290288086980581283569335937500000000000000000000000000	0.034954580356202566426837563540175324305891990661621093750000000000000000000000000
0.248137847943737888112281098074163310229778289794921875000000000000000000000000000	0.061572391582149582633931572672736365348100662231445312500000000000000000000000000
0.308339403059100347626042548654368147253990173339843750000000000000000000000000000	0.095073187478842344222407234610727755352854728698730468750000000000000000000000000
0.367329594061378883473878431686898693442344665527343750000000000000000000000000000	0.134931030673297397415311138502147514373064041137695312500000000000000000000000000
0.424876667889838466329877064708853140473365783691406250000000000000000000000000000	0.180520182917172089531732126488350331783294677734375000000000000000000000000000000
0.480754541016531700137193183763884007930755615234375000000000000000000000000000000	0.231124928708016069700548200671619269996881484985351562500000000000000000000000000
0.534743687654129606912078997993376106023788452148437500000000000000000000000000000	0.285950811485937317346639474635594524443149566650390625000000000000000000000000000
0.586632002200545565884226562047842890024185180664062500000000000000000000000000000	0.344137106005820925247462582774460315704345703125000000000000000000000000000000000
0.636215632532092900675024793599732220172882080078125000000000000000000000000000000	0.404770331078211087483254004837363027036190032958984375000000000000000000000000000
0.683299780871438833251829692017054185271263122558593750000000000000000000000000000	0.466898590538956326234654170548310503363609313964843750000000000000000000000000000
0.727699469084009398223145126394229009747505187988281250000000000000000000000000000	0.529546517305149122556429119867971166968345642089843750000000000000000000000000000
0.769240265396248790175093290599761530756950378417968750000000000000000000000000000	0.591730585906891315417510668339673429727554321289062500000000000000000000000000000
0.807758969680692384685016804724000394344329833984375000000000000000000000000000000	0.652474553099613774342913075088290497660636901855468750000000000000000000000000000
0.843104254615597459299181082315044477581977844238281250000000000000000000000000000	0.710824784150922206471534536831313744187355041503906250000000000000000000000000000
0.875137260200224531558887974824756383895874023437500000000000000000000000000000000	0.765865224190755533584251679712906479835510253906250000000000000000000000000000000
0.903732139290113423157890792936086654663085937500000000000000000000000000000000000	0.816731779585884942740392489213263615965843200683593750000000000000000000000000000
0.928776552009128564257878224452724680304527282714843750000000000000000000000000000	0.862625883561965456358677784010069444775581359863281250000000000000000000000000000
0.950172107095886731009670711500803008675575256347656250000000000000000000000000000	0.902827033103037246419830808008555322885513305664062500000000000000000000000000000
0.967834748450666526586871896142838522791862487792968750000000000000000000000000000	0.936704100308564990839954589318949729204177856445312500000000000000000000000000000
0.981695085364180597409244910522829741239547729492187500000000000000000000000000000	0.963725240628185875202404986339388415217399597167968750000000000000000000000000000
0.991698665130853140858846472838195040822029113769531250000000000000000000000000000	0.983466242422315950477695878362283110618591308593750000000000000000000000000000000
0.997806186975591646870498152566142380237579345703125000000000000000000000000000000	0.995617186766769357575412868754938244819641113281250000000000000000000000000000000
0.999993656453608381617925715545425191521644592285156250000000000000000000000000000	0.999987312947457351874902542476775124669075012207031250000000000000000000000000000
0.998252479716702723067101032938808202743530273437500000000000000000000000000000000	0.996508013260545943978740979218855500221252441406250000000000000000000000000000000
0.992589497275664922604221374058397486805915832519531250000000000000000000000000000	0.985233910101957266469696605781791731715202331542968750000000000000000000000000000
0.983026957126158285049655205511953681707382202148437500000000000000000000000000000	0.966341998436713867093317276157904416322708129882812500000000000000000000000000000
0.969602427343660866476682258507935330271720886230468750000000000000000000000000000	0.940128867110719190769430042564636096358299255371093750000000000000000000000000000
0.952368648490852232058045956364367157220840454101562500000000000000000000000000000	0.907006042628292430407555002602748572826385498046875000000000000000000000000000000
0.931393326417286226970304596761707216501235961914062500000000000000000000000000000	0.867493528494657439864568004850298166275024414062500000000000000000000000000000000
0.906758866265374940951460303040221333503723144531250000000000000000000000000000000	0.822211641550868121974815494468202814459800720214843750000000000000000000000000000
0.878562048727683730930948513559997081756591796875000000000000000000000000000000000	0.771871273464584950474431934708263725042343139648437500000000000000000000000000000
0.846913649827417347459856955538270995020866394042968750000000000000000000000000000	0.717262730263997339008597009524237364530563354492187500000000000000000000000000000
0.811938005715856392363605209538945928215980529785156250000000000000000000000000000	0.659243325125842050127289439842570573091506958007812500000000000000000000000000000
0.773772524196506661375849489559186622500419616699218750000000000000000000000000000	0.598723919201433529835298941179644316434860229492187500000000000000000000000000000
0.732567144895028943274439825472654774785041809082031250000000000000000000000000000	0.536654621779654283919569479621713981032371520996093750000000000000000000000000000
0.688483750195758359424758054956328123807907104492187500000000000000000000000000000	0.474009874283615406653780155465938150882720947265625000000000000000000000000000000
0.641695529259055263970878968393662944436073303222656250000000000000000000000000000	0.411773152271059039719602878903970122337341308593750000000000000000000000000000000
0.592386297618047730217938351415796205401420593261718750000000000000000000000000000	0.350921525605618234155969048515544272959232330322265625000000000000000000000000000
0.540749775027852708220166277897078543901443481445312500000000000000000000000000000	0.292410319192673295862761051466804929077625274658203125000000000000000000000000000
0.486988824404367082188116455654380843043327331542968750000000000000000000000000000	0.237158115094747462547886129868857096880674362182617187500000000000000000000000000
0.431314654842582689830976505618309602141380310058593750000000000000000000000000000	0.186032331481976231923880504837143234908580780029296875000000000000000000000000000
0.373945991845512692997033354913583025336265563964843750000000000000000000000000000	0.139835604817324238302589378690754529088735580444335937500000000000000000000000000
0.315108218023620434422582547995261847972869873046875000000000000000000000000000000	0.099293189066021511623993944795074639841914176940917968750000000000000000000000000
0.255032487640664273786939020283170975744724273681640625000000000000000000000000000	0.065041569752185571240410411064658546820282936096191406250000000000000000000000000
0.193954818484611324347355321151553653180599212646484375000000000000000000000000000	0.037618471613398526964822110585373593494296073913574218750000000000000000000000000
0.132115164631367160152919382198888342827558517456054687500000000000000000000000000	0.017454416725573247692882006276704487390816211700439453125000000000000000000000000
0.069756473744125080393985172122484073042869567871093750000000000000000000000000000	0.004865965629214812071534623783009010367095470428466796875000000000000000000000000
0.007123732611891358569577992199128857464529573917388916015625000000000000000000000	0.000050747566325724475578325817215485926681139972060918807983398437500000000000000
-0.055536995323039767269435174057434778660535812377929687500000000000000000000000000	0.003084357849511340857184826802495081210508942604064941406250000000000000000000000
-0.117979536667430551233337610028684139251708984375000000000000000000000000000000000	0.013919171072261590088592342340234608855098485946655273437500000000000000000000000
-0.179958575211402599380861033750989008694887161254882812500000000000000000000000000	0.032385088792118044143109045762685127556324005126953125000000000000000000000000000
-0.241230615695152555977287534005881752818822860717773437500000000000000000000000000	0.058192209948662379503936392666219035163521766662597656250000000000000000000000000
-0.301554940421749517742711077517014928162097930908203125000000000000000000000000000	0.090935382092764902028925178001372842118144035339355468750000000000000000000000000
-0.360694554957803836803265085109160281717777252197265625000000000000000000000000000	0.130100561976208173309288440577802248299121856689453125000000000000000000000000000
-0.418417119206655419016982477842248044908046722412109375000000000000000000000000000	0.175072885645196490989050630560086574405431747436523437500000000000000000000000000
-0.474495860196207985826077901947428472340106964111328125000000000000000000000000000	0.225146321343339367304636766675685066729784011840820312500000000000000000000000000
-0.528710462995357732829404540098039433360099792480468750000000000000000000000000000	0.279534753680765524208595707023050636053085327148437500000000000000000000000000000
-0.580847936258902963757577708747703582048416137695312500000000000000000000000000000	0.337384325056226619388155540946172550320625305175781250000000000000000000000000000
-0.630703449000496907395074686064617708325386047363281250000000000000000000000000000	0.397786840581122402848990304846665821969509124755859375000000000000000000000000000
-0.678081135306229598747052023099968209862709045410156250000000000000000000000000000	0.459794026058185256733423784680780954658985137939453125000000000000000000000000000
-0.722794863827391775856767708319239318370819091796875000000000000000000000000000000	0.522432415175257847117507026268867775797843933105468750000000000000000000000000000
-0.764668969029330569675551032560179010033607482910156250000000000000000000000000000	0.584718632196379317633727623615413904190063476562500000000000000000000000000000000
-0.803538941323567623697954331873916089534759521484375000000000000000000000000000000	0.645674830223399887074720027158036828041076660156250000000000000000000000000000000
-0.839252073371868134721296428324421867728233337402343750000000000000000000000000000	0.704344042658979541116082145890686661005020141601562500000000000000000000000000000
-0.871668060023156221483020544837927445769309997558593750000000000000000000000000000	0.759805206864532678423529432620853185653686523437500000000000000000000000000000000
-0.900659549526309111122657213854836300015449523925781250000000000000000000000000000	0.811187624152934105836720846127718687057495117187500000000000000000000000000000000
-0.926112643853307604402402830601204186677932739257812500000000000000000000000000000	0.857684629104963347501211501366924494504928588867187500000000000000000000000000000
-0.947927346167131812393336076638661324977874755859375000000000000000000000000000000	0.898566253611461362993395596276968717575073242187500000000000000000000000000000000
-0.966017953676446827770973868609871715307235717773437500000000000000000000000000000	0.933190686825229764878031346597708761692047119140625000000000000000000000000000000
-0.980313394333687249115882877958938479423522949218750000000000000000000000000000000	0.961014351110035414116339325119042769074440002441406250000000000000000000000000000
-0.990757506053757008857019172864966094493865966796875000000000000000000000000000000	0.981600435801860404794183523335959762334823608398437500000000000000000000000000000
-0.997309257356393974447428263374604284763336181640625000000000000000000000000000000	0.994625754808762030378943563846405595541000366210937500000000000000000000000000000
-0.999942908565361054940012763836421072483062744140625000000000000000000000000000000	0.999885820390154056447329367074416950345039367675781250000000000000000000000000000
-0.998648112931169618100568641239078715443611145019531250000000000000000000000000000	0.997298053460986100304808132932521402835845947265625000000000000000000000000000000
-0.993429957280055675461483133403817191720008850097656250000000000000000000000000000	0.986903080021453216197357960481895133852958679199218750000000000000000000000000000
-0.984308942029511912963357644912321120500564575195312500000000000000000000000000000	0.968864093359257050330768379353685304522514343261718750000000000000000000000000000
-0.971320900648890095396836841246113181114196777343750000000000000000000000000000000	0.943464292037371032861869935004506260156631469726562500000000000000000000000000000
-0.954516858881483853949134754657279700040817260742187500000000000000000000000000000	0.911102433888974605480370883014984428882598876953125000000000000000000000000000000
-0.933962834281163112315482521808007732033729553222656250000000000000000000000000000	0.872286575818503329138309254631167277693748474121093750000000000000000000000000000
-0.909739576851116726885493335430510342121124267578125000000000000000000000000000000	0.827626097689248885203028294199611991643905639648437500000000000000000000000000000
-0.881942251803645937968667567474767565727233886718750000000000000000000000000000000	0.777822135516485602124703291337937116622924804687500000000000000000000000000000000
-0.850680065687339337365813207725295796990394592285156250000000000000000000000000000	0.723656574157815923875602948101004585623741149902343750000000000000000000000000000
-0.816075837350460964181309009290998801589012145996093750000000000000000000000000000	0.665979772307256023822219503927044570446014404296875000000000000000000000000000000
-0.778265515426082243877203836746048182249069213867187500000000000000000000000000000	0.605697212501425497066520620137453079223632812500000000000000000000000000000000000
-0.737397644234614513258918577776057645678520202636718750000000000000000000000000000	0.543755285722759107436274916835827752947807312011718750000000000000000000000000000
-0.693632780202024123994419824157375842332839965820312500000000000000000000000000000	0.481126433770789507793352868247893638908863067626953125000000000000000000000000000
-0.647142861086433041073462391068460419774055480957031250000000000000000000000000000	0.418793882655134397374752097675809636712074279785156250000000000000000000000000000
-0.598110530491215541815108736045658588409423828125000000000000000000000000000000000	0.357736206684483248885442208120366558432579040527343750000000000000000000000000000
-0.546728420318343455441834066732553765177726745605468750000000000000000000000000000	0.298911965583791239264854766588541679084300994873046875000000000000000000000000000
-0.493198393980990801299668646606733091175556182861328125000000000000000000000000000	0.243244655825428618411976344759750645607709884643554687500000000000000000000000000
-0.437730753348572754202194801109726540744304656982421875000000000000000000000000000	0.191608212427109042552686446470033843070268630981445312500000000000000000000000000
-0.380543412539859682297560539154801517724990844726562500000000000000000000000000000	0.144813288827481845277844740849104709923267364501953125000000000000000000000000000
-0.321861041810065806600960058858618140220642089843750000000000000000000000000000000	0.103594530235060933165414098766632378101348876953125000000000000000000000000000000
-0.261914184895307100564565416789264418184757232666015625000000000000000000000000000	0.068599040249373119393361264428676804527640342712402343750000000000000000000000000
-0.200938353282077097894386952248169109225273132324218750000000000000000000000000000	0.040376221819712822258541251585484133101999759674072265625000000000000000000000000
-0.139173100960064993758535933920938987284898757934570312500000000000000000000000000	0.019369152030840445372072977647803782019764184951782226562500000000000000000000000
-0.076861083293316687092833205952047137543559074401855468750000000000000000000000000	0.005907626125022165386457828617494669742882251739501953125000000000000000000000000
-0.014247103707102927103167466782451811013743281364440917968750000000000000000000000	0.000202979964040945972010565601095777310547418892383575439453125000000000000000000
0.048422848064225497421997346236821613274514675140380859375000000000000000000000000	0.002344772214651067061830236326613885466940701007843017578125000000000000000000000
0.110902562390009701287496568511414807289838790893554687500000000000000000000000000	0.012299378344669993634585836161932093091309070587158203125000000000000000000000000
0.172946577019954861320627514942316338419914245605468750000000000000000000000000000	0.029910518502919179045784758841364237014204263687133789062500000000000000000000000
0.234311141424582758396866211114684119820594787597656250000000000000000000000000000	0.054901710995690820860115621826480492018163204193115234375000000000000000000000000
0.294755174410904263737620567553676664829254150390625000000000000000000000000000000	0.086880612842002588602774437731568468734622001647949218750000000000000000000000000
0.354041211251146181737681217782665044069290161132812500000000000000000000000000000	0.125345179264178707700949644276988692581653594970703125000000000000000000000000000
0.411936336603568153957866115888464264571666717529296875000000000000000000000000000	0.169691545414368205602073658155859448015689849853515625000000000000000000000000000
0.468213099560245871177954768427298404276371002197265625000000000000000000000000000	0.219223506599812711925778785371221601963043212890625000000000000000000000000000000
0.522650407226890045819800434401258826255798339843750000000000000000000000000000000	0.273163448174433998172361270917463116347789764404296875000000000000000000000000000
0.575034393324113324297286453656852245330810546875000000000000000000000000000000000	0.330664553505631064744818559120176360011100769042968750000000000000000000000000000
0.625159258397715356103674366750055924057960510253906250000000000000000000000000000	0.390824098360381455563583585899323225021362304687500000000000000000000000000000000
0.672828078337053270274736860301345586776733398437500000000000000000000000000000000	0.452697622998731896704072141801589168608188629150390625000000000000000000000000000
0.717853578025113625571407283132430166006088256835937500000000000000000000000000000	0.515313759483457922705440523714059963822364807128906250000000000000000000000000000
0.760058867080860900422578652069205418229103088378906250000000000000000000000000000	0.577689481428241724536576384707586839795112609863281250000000000000000000000000000
0.799278134803367845684363146574469283223152160644531250000000000000000000000000000	0.638845536774750644148923583998112007975578308105468750000000000000000000000000000
0.835357301587532963260684937267797067761421203613281250000000000000000000000000000	0.697821821315604551294597968080779537558555603027343750000000000000000000000000000
0.868154624252178597210161115071969106793403625488281250000000000000000000000000000	0.753692451610441405129847680655075237154960632324218750000000000000000000000000000
0.897541252902392838741718605888308957219123840332031250000000000000000000000000000	0.805580300661597137334979379374999552965164184570312500000000000000000000000000000
0.923401737138394462789392491686157882213592529296875000000000000000000000000000000	0.852670768150204594348906539380550384521484375000000000000000000000000000000000000
0.945634479622186829850249978335341438651084899902343750000000000000000000000000000	0.894224569050324102903459788649342954158782958984375000000000000000000000000000000
0.964152135220085582112403699284186586737632751464843750000000000000000000000000000	0.929589339849450246866524594224756583571434020996093750000000000000000000000000000
0.978881954153024702591778805071953684091567993164062500000000000000000000000000000	0.958209880166444372129319617670262232422828674316406250000000000000000000000000000
0.989766067806515215110607641690876334905624389648437500000000000000000000000000000	0.979636868981171304859856263647088780999183654785156250000000000000000000000000000
0.996761716077398496338446420850232243537902832031250000000000000000000000000000000	0.993533918637560353737114837713306769728660583496093750000000000000000000000000000
0.999841415364230878815021696937037631869316101074218750000000000000000000000000000	0.999682855877548459666570579429389908909797668457031250000000000000000000000000000
0.998993066541314589379396693402668461203575134277343750000000000000000000000000000	0.997987146997619367638776566309388726949691772460937500000000000000000000000000000
0.994220002492184118381146618048660457134246826171875000000000000000000000000000000	0.988473413355558605530859495047479867935180664062500000000000000000000000000000000
0.985540975015802400704956198751460760831832885742187500000000000000000000000000000	0.971291013435098493644659356505144387483596801757812500000000000000000000000000000
0.972990081156910102677670693083200603723526000976562500000000000000000000000000000	0.946709698029730484236665688513312488794326782226562500000000000000000000000000000
0.956616629249949057545165942428866401314735412597656250000000000000000000000000000	0.915115375357534510669665905879810452461242675781250000000000000000000000000000000
0.936484945202833984900792074768105521798133850097656250000000000000000000000000000	0.877004052591555005591317240032367408275604248046875000000000000000000000000000000
0.912674119781612280810634274530457332730293273925781250000000000000000000000000000	0.832974048919140730440346942486939951777458190917968750000000000000000000000000000
0.885277697888854575580808159429579973220825195312500000000000000000000000000000000	0.783716602379390114840873593493597581982612609863281250000000000000000000000000000
0.854403311056499581432888135168468579649925231933593750000000000000000000000000000	0.730005017944309608779462905658874660730361938476562500000000000000000000000000000
0.820172254596955974115246590372407808899879455566406250000000000000000000000000000	0.672682527210654024329983258212450891733169555664062500000000000000000000000000000
0.782719011073711556925047716504195705056190490722656250000000000000000000000000000	0.612649050296208974586420481500681489706039428710937500000000000000000000000000000
0.742190721963571387043145932693732902407646179199218750000000000000000000000000000	0.550847067768807319154689139395486563444137573242187500000000000000000000000000000
0.698746609586178513140453105734195560216903686523437500000000000000000000000000000	0.488246824408179402876584163095685653388500213623046875000000000000000000000000000
0.652557351571885102536896283709211274981498718261718750000000000000000000000000000	0.425831097090512866731870644798618741333484649658203125000000000000000000000000000
0.603804410325476825782686773891327902674674987792968750000000000000000000000000000	0.364579765928496779547884898420306853950023651123046875000000000000000000000000000
0.552679320120053163556406161660561338067054748535156250000000000000000000000000000	0.305454430888364214524699491448700428009033203125000000000000000000000000000000000
0.499382934621861562796141242870362475514411926269531250000000000000000000000000000	0.249383315391542459416029942076420411467552185058593750000000000000000000000000000
0.444124637802293997790314961093827150762081146240234375000000000000000000000000000	0.197246693903018827098705401112965773791074752807617187500000000000000000000000000
0.387121521337127905137975858451682142913341522216796875000000000000000000000000000	0.149863072282372389310012295027263462543487548828125000000000000000000000000000000
0.328597531724716451773105063693947158753871917724609375000000000000000000000000000	0.107976337855576032254134588583838194608688354492187500000000000000000000000000000
0.268782590473848559398106772277969866991043090820312500000000000000000000000000000	0.072244080941832586328921195217844797298312187194824218750000000000000000000000000
0.207911690817759120530894278999767266213893890380859375000000000000000000000000000	0.043227271178699462617078808079895679838955402374267578125000000000000000000000000
0.146223974502986048262798135510820429772138595581054687500000000000000000000000000	0.021381450719449912600822472086292691528797149658203125000000000000000000000000000
0.083961792280098035412549961620243266224861145019531250000000000000000000000000000	0.007049582562886329978324440048709220718592405319213867187500000000000000000000000
0.021369751787301240891769893437412974890321493148803710937500000000000000000000000	0.000456666291450864576372675740500994834292214363813400268554687500000000000000000
-0.041306243432539260784785994928824948146939277648925781250000000000000000000000000	0.001706205746508192852908813996748449426377192139625549316406250000000000000000000
-0.103819960006045500233717859828175278380513191223144531250000000000000000000000000	0.010778584095656887700820369957455113762989640235900878906250000000000000000000000
-0.165925802099268160372247393752331845462322235107421875000000000000000000000000000	0.027531371802285500849372112952551105991005897521972656250000000000000000000000000
-0.227379776282961271194338337409135419875383377075195312500000000000000000000000000	0.051701562662489514154984249216795433312654495239257812500000000000000000000000000
-0.287940450102519840402948148039286024868488311767578125000000000000000000000000000	0.082909702805241722312068475275737000629305839538574218750000000000000000000000000
-0.347369900586690760757591078800032846629619598388671875000000000000000000000000000	0.120665847833607425831914383707044180482625961303710937500000000000000000000000000
-0.405434648968692745718556125211762264370918273925781250000000000000000000000000000	0.164377254584367110679110624005261342972517013549804687500000000000000000000000000
-0.461906577947503338421597618435043841600418090820312500000000000000000000000000000	0.213357686751172975769819117886072490364313125610351562500000000000000000000000000
-0.516563827885710535881003124814014881849288940429687500000000000000000000000000000	0.266838188279937993385715344629716128110885620117187500000000000000000000000000000
-0.569191668423076002625293767778202891349792480468750000000000000000000000000000000	0.323979155402244922701271434561931528151035308837890625000000000000000000000000000
-0.619583342081499011122502906800946220755577087402343750000000000000000000000000000	0.383883517784879835232914047082886099815368652343750000000000000000000000000000000
-0.667540876547148331887626682146219536662101745605468750000000000000000000000000000	0.445610821861335104632217962716822512447834014892578125000000000000000000000000000
-0.712875862438586360703141053818399086594581604003906250000000000000000000000000000	0.508191995247558314652280841983156278729438781738281250000000000000000000000000000
-0.755410193505262950175449532252969220280647277832031250000000000000000000000000000	0.570644560451658788835516133985947817564010620117187500000000000000000000000000000
-0.794976766348398089512272690626559779047966003417968750000000000000000000000000000	0.631988059033755544824373373558046296238899230957031250000000000000000000000000000
-0.831420136915289043066934482340002432465553283691406250000000000000000000000000000	0.691259444068238027014672297809738665819168090820312500000000000000000000000000000
-0.864597131187868073176616690034279599785804748535156250000000000000000000000000000	0.747528199258291503603857108828378841280937194824218750000000000000000000000000000
-0.894377407666337220781826999882468953728675842285156250000000000000000000000000000	0.799910947343957512423173739080084487795829772949218750000000000000000000000000000
-0.920643969438052822695794930041301995515823364257812500000000000000000000000000000	0.847585318462654391247212970483815297484397888183593750000000000000000000000000000
-0.943293623819924875739673097996274009346961975097656250000000000000000000000000000	0.889802860739325907069030563434353098273277282714843750000000000000000000000000000
-0.962237387768529073284184960357379168272018432617187500000000000000000000000000000	0.925900790419602603975590682239271700382232666015625000000000000000000000000000000
-0.977400837465220329036696966795716434717178344726562500000000000000000000000000000	0.955312397077714092752387387008639052510261535644531250000000000000000000000000000
-0.988724400702844286037418441992485895752906799316406250000000000000000000000000000	0.977575940545198585063246810022974386811256408691406250000000000000000000000000000
-0.996163590925345343585206592251779511570930480957031250000000000000000000000000000	0.992341899885278766468843514303443953394889831542968750000000000000000000000000000
-0.999689182000816245476926269475370645523071289062500000000000000000000000000000000	0.999378460609461116703755578782875090837478637695312500000000000000000000000000000
-0.999287323041359476505363090836908668279647827148437500000000000000000000000000000	0.998575153991166364342291217326419427990913391113281250000000000000000000000000000
-0.994959592818669857905433673295192420482635498046875000000000000000000000000000000	0.989944591341893276315033745049731805920600891113281250000000000000000000000000000
-0.986722993561560679509625515493098646402359008789062500000000000000000000000000000	0.973622266023087767905508371768519282341003417968750000000000000000000000000000000
-0.974609884159797101865763124806107953190803527832031250000000000000000000000000000	0.949864426301973097110931121278554201126098632812500000000000000000000000000000000
-0.958667853036660355670051103516016155481338500976562500000000000000000000000000000	0.919044052445919801286322581290733069181442260742187500000000000000000000000000000
-0.938959531189683893614983389852568507194519042968750000000000000000000000000000000	0.881645001211950996022892468317877501249313354492187500000000000000000000000000000
-0.915562346134059068525345992384245619177818298339843750000000000000000000000000000	0.838254409658502619429043534182710573077201843261718750000000000000000000000000000
-0.888568217715391517330658643913920968770980834960937500000000000000000000000000000	0.789553477533907366314736009371699765324592590332031250000000000000000000000000000
-0.858083196986859531030233938508899882435798645019531250000000000000000000000000000	0.736306772951189625331380739226005971431732177734375000000000000000000000000000000
-0.824227049569498215753071690414799377322196960449218750000000000000000000000000000	0.679350229242040026811366715264739468693733215332031250000000000000000000000000000
-0.787132785132462653443496947147650644183158874511718750000000000000000000000000000	0.619578021430387648749160689476411789655685424804687500000000000000000000000000000
-0.746946134841783071500742607895517721772193908691406250000000000000000000000000000	0.557928528355079222933454730082303285598754882812500000000000000000000000000000000
-0.703824978830533298790328444738406687974929809570312500000000000000000000000000000	0.495369600825800671106691197564941830933094024658203125000000000000000000000000000
-0.657938725939711588353020488284528255462646484375000000000000000000000000000000000	0.432883367091170923046661300759296864271163940429687500000000000000000000000000000
-0.609467648166620801220005887444131076335906982421875000000000000000000000000000000	0.371450814161751852182646871369797736406326293945312500000000000000000000000000000
-0.558602172435468169453542941482737660408020019531250000000000000000000000000000000	0.312036387049624497347366514077293686568737030029296875000000000000000000000000000
-0.505542132472608041204864548490149900317192077636718750000000000000000000000000000	0.255572847704951977565457355012767948210239410400390625000000000000000000000000000
-0.450495983725553994503343346877954900264739990234375000000000000000000000000000000	0.202946631352854622853953969752183184027671813964843750000000000000000000000000000
-0.393679984410069683242738847184227779507637023925781250000000000000000000000000000	0.154983930125112717712809740078228060156106948852539062500000000000000000000000000
-0.335317345902764574194776514559634961187839508056640625000000000000000000000000000	0.112437722463274270001676313768257386982440948486328125000000000000000000000000000
-0.275637355816998330659828297939384356141090393066406250000000000000000000000000000	0.075975951921786549769777252549829427152872085571289062500000000000000000000000000
-0.214874477207258496314068452193168923258781433105468750000000000000000000000000000	0.046171040955092654267666318901319755241274833679199218750000000000000000000000000
-0.153267427440916093051015423043281771242618560791015625000000000000000000000000000	0.023490904314356478299607999815634684637188911437988281250000000000000000000000000
-0.091058240356199304788020754131139256060123443603515625000000000000000000000000000	0.008291603136767362880465981334054959006607532501220703125000000000000000000000000
-0.028491315390844550864413164958932611625641584396362304687500000000000000000000000	0.000811755052700575616131395406682713655754923820495605468750000000000000000000000
0.034187542582930822987474783758443663828074932098388671875000000000000000000000000	0.001168788067859708335732848993870902631897479295730590820312500000000000000000000
0.096732088944930100238295267445209901779890060424804687500000000000000000000000000	0.009357097031649868473790476741669408511370420455932617187500000000000000000000000
0.158896606741103757487465486519795376807451248168945312500000000000000000000000000	0.025248131633836979476059880767024878878146409988403320312500000000000000000000000
0.220436872024665220237693574745208024978637695312500000000000000000000000000000000	0.048592414548018630915393600844254251569509506225585937500000000000000000000000000
0.281111113331656115033041487549780867993831634521484375000000000000000000000000000	0.079023458038563212935123658553493442013859748840332031250000000000000000000000000
0.340680961521513281375916903925826773047447204589843750000000000000000000000000000	0.116063517543222818884096625424717785790562629699707031250000000000000000000000000
0.398912386251041639617653800087282434105873107910156250000000000000000000000000000	0.159131091904500227007801527179253753274679183959960937500000000000000000000000000
0.455576615402662921106013982353033497929573059082031250000000000000000000000000000	0.207550052501745851962766664655646309256553649902343750000000000000000000000000000
0.510451033854826707880647518322803080081939697265625000000000000000000000000000000	0.260560257963461439079111414685030467808246612548828125000000000000000000000000000
0.563320058063622064459252669621491804718971252441406250000000000000000000000000000	0.317329487816802535693483378054224886000156402587890625000000000000000000000000000
0.613975983019619753200402101356303319334983825683593750000000000000000000000000000	0.376966507724908417298337326428736560046672821044921875000000000000000000000000000
0.662219798252542735106374038878129795193672180175781250000000000000000000000000000	0.438535061197638409424826022586785256862640380859375000000000000000000000000000000
0.707861969677966218483788907178677618503570556640625000000000000000000000000000000	0.501068568116370016696237144060432910919189453125000000000000000000000000000000000
0.750723184214399097413661365862935781478881835937500000000000000000000000000000000	0.563585299317006627184412081987829878926277160644531250000000000000000000000000000
0.790635054245408697148889132222393527626991271972656250000000000000000000000000000	0.625103789001640319789032673725159838795661926269531250000000000000000000000000000
0.827440779159196670988762889464851468801498413085937500000000000000000000000000000	0.684658243015578427126399674307322129607200622558593750000000000000000000000000000
0.860995761366632250677355386869749054312705993652343750000000000000000000000000000	0.741313701091306787027690461400197818875312805175781250000000000000000000000000000
0.891168174377625077475784109992673620581626892089843750000000000000000000000000000	0.794180715023549144149228595779277384281158447265625000000000000000000000000000000
0.917839480704057519844241141981910914182662963867187500000000000000000000000000000	0.842429312339094016337526227289345115423202514648437500000000000000000000000000000
0.940904897554588615093962289392948150634765625000000000000000000000000000000000000	0.885302026242210882145400319132022559642791748046875000000000000000000000000000000
0.960273808491783786855933158221887424588203430175781250000000000000000000000000000	0.922125787275315023094890420907177031040191650390625000000000000000000000000000000
0.975870119434295024696268683328526094555854797363281250000000000000000000000000000	0.952322490004705257682360297621926292777061462402343750000000000000000000000000000
0.987632557605485295049163596559083089232444763183593750000000000000000000000000000	0.975418068842352270486628640355775132775306701660156250000000000000000000000000000
0.995514912254015227333070470194797962903976440429687500000000000000000000000000000	0.991049940520119632125783937226515263319015502929687500000000000000000000000000000
0.999486216200687893618237467308063060045242309570312500000000000000000000000000000	0.998972696375168167648439521144609898328781127929687500000000000000000000000000000
0.999530867498313546626320658106124028563499450683593750000000000000000000000000000	0.999061955081931185596033628826262429356575012207031250000000000000000000000000000
0.995648690726627760838596259418409317731857299804687500000000000000000000000000000	0.991316315345648013668267140019452199339866638183593750000000000000000000000000000
0.987854937681461153786699469492305070161819458007812500000000000000000000000000000	0.975857377901643507911444430646952241659164428710937500000000000000000000000000000
0.976180227455448079609823253122158348560333251953125000000000000000000000000000000	0.952927836474970368918491203658049926161766052246093750000000000000000000000000000
0.960670426145681544127796769316773861646652221679687500000000000000000000000000000	0.922887667670925337937148924538632854819297790527343750000000000000000000000000000
0.941386466660902976322233826067531481385231018066406250000000000000000000000000000	0.886208479612299426797505930153420194983482360839843750000000000000000000000000000
0.918404109336139695685119477275293320417404174804687500000000000000000000000000000	0.843466108045508033974613226746441796422004699707031250000000000000000000000000000
0.891813644295264662531508292886428534984588623046875000000000000000000000000000000	0.795331576151200869695401252101873978972434997558593750000000000000000000000000000
0.861719536730794710699399274744791910052299499511718750000000000000000000000000000	0.742560559983535428685286206018645316362380981445312500000000000000000000000000000
0.828240016494500519428356710704974830150604248046875000000000000000000000000000000	0.685981524922810503852588226436637341976165771484375000000000000000000000000000000
0.791506613611201448321708085131831467151641845703125000000000000000000000000000000	0.626482719390271780568468784622382372617721557617187500000000000000000000000000000
0.751663641540557425635427080123918130993843078613281250000000000000000000000000000	0.564998230014011615374158736813114956021308898925781250000000000000000000000000000
0.708867630216938882092847507010446861386299133300781250000000000000000000000000000	0.502493317169378839182058982260059565305709838867187500000000000000000000000000000
0.663286711094794645404704169777687638998031616210937500000000000000000000000000000	0.439949261114949585760314221261069178581237792968750000000000000000000000000000000
0.615099956615463350217964944022241979837417602539062500000000000000000000000000000	0.378347956628344916918393892046879045665264129638671875000000000000000000000000000
0.564496676690434573409049789916025474667549133300781250000000000000000000000000000	0.318656497994545040430836024825111962854862213134765625000000000000000000000000000
0.511675674964967130975423970085103064775466918945312500000000000000000000000000000	0.261811996350854669923791107066790573298931121826171875000000000000000000000000000
0.456844467783950713979379543161485344171524047851562500000000000000000000000000000	0.208706867744801183306435632403008639812469482421875000000000000000000000000000000
0.400218468928422443919856732463813386857509613037109375000000000000000000000000000	0.160174822871410632574296073471487034112215042114257812500000000000000000000000000
0.342020143325668934952688005068921484053134918212890625000000000000000000000000000	0.116977778440511118174249816092924447730183601379394531250000000000000000000000000
0.282478133057684155371447332072420977056026458740234375000000000000000000000000000	0.079793895655754717988195068301138235256075859069824218750000000000000000000000000
0.221826359101628206582645930211583618074655532836914062500000000000000000000000000	0.049206933592284514411563378644132171757519245147705078125000000000000000000000000
0.160303102331226021703969308873638510704040527343750000000000000000000000000000000	0.025697084617015520519034410540371027309447526931762695312500000000000000000000000
0.098150067389581180377078339915897231549024581909179687500000000000000000000000000	0.009633435728579326298715024279317731270566582679748535156250000000000000000000000
0.035611433111126362949239165800463524647057056427001953125000000000000000000000000	0.001268174168228227089230686353005239652702584862709045410156250000000000000000000
-0.027067106776726163053226059673761483281850814819335937500000000000000000000000000	0.000732628269262695398789109191284296684898436069488525390625000000000000000000000
-0.089639308903434661290887675022531766444444656372070312500000000000000000000000000	0.008035205700685381369208215573962661437690258026123046875000000000000000000000000
-0.151859347664545007994263414730085060000419616699218750000000000000000000000000000	0.023061261473101151570075373342660896014422178268432617187500000000000000000000000
-0.213482780989658227355221242760308086872100830078125000000000000000000000000000000	0.045574897779078381299111555335912271402776241302490234375000000000000000000000000
-0.274267510674931602743242819997249171137809753417968750000000000000000000000000000	0.075222667411823720962082973073847824707627296447753906250000000000000000000000000
-0.333974733507299337276208461844362318515777587890625000000000000000000000000000000	0.111539122621271608037929468082438688725233078002929687500000000000000000000000000
-0.392369879443773272864603995913057588040828704833984375000000000000000000000000000	0.153954122294721162944597381283529102802276611328125000000000000000000000000000000
-0.449223533159993582142277546154218725860118865966796875000000000000000000000000000	0.201801782744747859599243611228303052484989166259765625000000000000000000000000000
-0.504312335347593343470862237154506146907806396484375000000000000000000000000000000	0.254330931583743424795329701737500727176666259765625000000000000000000000000000000
-0.557419860219469542883530266408342868089675903320312500000000000000000000000000000	0.310716900567092946250369323024642653763294219970703125000000000000000000000000000
-0.608337465775514174559646107809385284781455993652343750000000000000000000000000000	0.370074472266174903101187965148710645735263824462890625000000000000000000000000000
-0.656865113488436014321791844849940389394760131835937500000000000000000000000000000	0.431471777318175930826527064709807746112346649169921875000000000000000000000000000
-0.702812154189336846243918444088194519281387329101562500000000000000000000000000000	0.493944924076256175471399956222740001976490020751953125000000000000000000000000000
-0.745998077065601283841544955066638067364692687988281250000000000000000000000000000	0.556513130985574755449363237858051434159278869628906250000000000000000000000000000
-0.786253218828516842187070778891211375594139099121093750000000000000000000000000000	0.618194124118203625073419971158728003501892089843750000000000000000000000000000000
-0.823419430264540452846233620221028104424476623535156250000000000000000000000000000	0.678019558137180400336774255265481770038604736328125000000000000000000000000000000
-0.857350697551541363061744505102979019284248352050781250000000000000000000000000000	0.735050218592114501525713876617373898625373840332031250000000000000000000000000000
-0.887913715899102062856229622411774471402168273925781250000000000000000000000000000	0.788390766881751359207441964827012270689010620117187500000000000000000000000000000
-0.914988413259192334692215808900073170661926269531250000000000000000000000000000000	0.837203796398574562331873494258616119623184204101562500000000000000000000000000000
-0.938468422049760331304923965944908559322357177734375000000000000000000000000000000	0.880722979184567100752190071943914517760276794433593750000000000000000000000000000
-0.958261497037983023261631387867964804172515869140625000000000000000000000000000000	0.918265096705476291383263287571026012301445007324218750000000000000000000000000000
-0.974289877741449594772404907416785135865211486816406250000000000000000000000000000	0.949240765869448832603438859223388135433197021484375000000000000000000000000000000
-0.986490593923521785768571135122328996658325195312500000000000000000000000000000000	0.973163691899582738997764863597694784402847290039062500000000000000000000000000000
-0.994815712982689670518254843045724555850028991699218750000000000000000000000000000	0.989658302797257194427515969437081366777420043945312500000000000000000000000000000
-0.999232528263996777617705902230227366089820861816406250000000000000000000000000000	0.998465645540859147999412925855722278356552124023437500000000000000000000000000000
-0.999723687552731443695108737301779910922050476074218750000000000000000000000000000	0.999447451454031354778351214918075129389762878417968750000000000000000000000000000
-0.996287261245572430823358445195481181144714355468750000000000000000000000000000000	0.992588306920203500283150788163766264915466308593750000000000000000000000000000000
-0.988936749931365599586285952682374045252799987792968750000000000000000000000000000	0.977995895364812350969430099212331697344779968261718750000000000000000000000000000
-0.977701031351751015385787013656226918101310729980468750000000000000000000000000000	0.955899306706277651635161873855395242571830749511718750000000000000000000000000000
-0.962624246950011697165905388828832656145095825195312500000000000000000000000000000	0.926645440816077137213824244099669158458709716796875000000000000000000000000000000
-0.943765628453859806157311140850652009248733520507812500000000000000000000000000000	0.890693561450908943832871500490000471472740173339843750000000000000000000000000000
-0.921199265173457959576808207202702760696411132812500000000000000000000000000000000	0.848608086156118934795244967972394078969955444335937500000000000000000000000000000
-0.895013812928884489039660365961026400327682495117187500000000000000000000000000000	0.801049725333500273194431429146789014339447021484375000000000000000000000000000000
-0.865312145750572359048646831070072948932647705078125000000000000000000000000000000	0.748765109583459764763802013476379215717315673828125000000000000000000000000000000
-0.832210951721072622611075075838016346096992492675781250000000000000000000000000000	0.692575068164493434785811132314847782254219055175781250000000000000000000000000000
-0.795840274545960957297552340605761855840682983398437500000000000000000000000000000	0.633361742589390486202205465815495699644088745117187500000000000000000000000000000
-0.756343002654872975654143374413251876831054687500000000000000000000000000000000000	0.572054737664989154666272952454164624214172363281250000000000000000000000000000000
-0.713874307839862831670529885741416364908218383789062500000000000000000000000000000	0.509616527393843221638292106945300474762916564941406250000000000000000000000000000
-0.668601035636460672151315520750358700752258300781250000000000000000000000000000000	0.447027344854147745678574210614897310733795166015625000000000000000000000000000000
-0.620701049842432683867343712336150929331779479980468750000000000000000000000000000	0.385269793275498095841413714879308827221393585205078125000000000000000000000000000
-0.570362533749410038907967646082397550344467163085937500000000000000000000000000000	0.325313419905046918856328375113662332296371459960937500000000000000000000000000000
-0.517783250832633656912662445392925292253494262695312500000000000000000000000000000	0.268099494842810037731339889433002099394798278808593750000000000000000000000000000
-0.463169767803280896245610165351536124944686889648437500000000000000000000000000000	0.214526233806945132442933754646219313144683837890625000000000000000000000000000000
-0.406736643075799764179834028254845179617404937744140625000000000000000000000000000	0.165434696820570520392479352267400827258825302124023437500000000000000000000000000
-0.348705583838457067180627291236305609345436096191406250000000000000000000000000000	0.121595584200119205542378608697617892175912857055664062500000000000000000000000000
-0.289304575038706546230571348132798448204994201660156250000000000000000000000000000	0.083697137138326591077053251410688972100615501403808593750000000000000000000000000
-0.228766983705303045271151063388970214873552322387695312500000000000000000000000000	0.052334332833622390634964460787159623578190803527832031250000000000000000000000000
-0.167330642126006068348686994795571081340312957763671875000000000000000000000000000	0.027999543794301515187150641850166721269488334655761718750000000000000000000000000
-0.105236913482714883327773236487701069563627243041992187500000000000000000000000000	0.011074807959368417054069055893705808557569980621337890625000000000000000000000000
-0.042729743614916160243666354290326125919818878173828125000000000000000000000000000	0.001825830989396468474056378639147624198812991380691528320312500000000000000000000
0.019945297363298076370741185314727772492915391921997070312500000000000000000000000	0.000397814886910385218099506232647399883717298507690429687500000000000000000000000
0.082541979827449624140811579309229273349046707153320312500000000000000000000000000	0.006813178433835100251958483141834221896715462207794189453125000000000000000000000
0.144814381997896313158946668409043923020362854003906250000000000000000000000000000	0.020971205233432637510260221347380138467997312545776367187500000000000000000000000
0.206517856085615431060986679767665918916463851928710937500000000000000000000000000	0.042649624882198963748969333664717851206660270690917968750000000000000000000000000
0.267409989432932315711610726793878711760044097900390625000000000000000000000000000	0.071508102448520974303569630592392059043049812316894531250000000000000000000000000
0.327251556873117521728744350184570066630840301513671875000000000000000000000000000	0.107093581475879273678941672187647782266139984130859375000000000000000000000000000
0.385807460567398174955400236285640858113765716552734375000000000000000000000000000	0.148847396629464501227602113431203179061412811279296875000000000000000000000000000
0.442847653627051252023250071943039074540138244628906250000000000000000000000000000	0.196114044322984765189588074463244993239641189575195312500000000000000000000000000
0.498148043891975422781115412362851202487945556640625000000000000000000000000000000	0.248151473633401481455607040516042616218328475952148437500000000000000000000000000
0.551491374315095650437967833568109199404716491699218750000000000000000000000000000	0.304142735943952968735715103321126662194728851318359375000000000000000000000000000
0.602668076493840576546290321857668459415435791015625000000000000000000000000000000	0.363208810424785699666472282842732965946197509765625000000000000000000000000000000
0.651477093995496137068812458892352879047393798828125000000000000000000000000000000	0.424422404000816488878200516410288400948047637939453125000000000000000000000000000
0.697726672241795964346522396226646378636360168457031250000000000000000000000000000	0.486822509157610550101225044272723607718944549560546875000000000000000000000000000
0.741235111849602668065983834821963682770729064941406250000000000000000000000000000	0.549429491038692985327429596509318798780441284179687500000000000000000000000000000
0.781831482468029359544914314028574153780937194824218750000000000000000000000000000	0.611260466978156502548813477915246039628982543945312500000000000000000000000000000
0.819356294307577281976762151316506788134574890136718750000000000000000000000000000	0.671344737021445148172915651230141520500183105468750000000000000000000000000000000
0.853662124723060911080096957448404282331466674804687500000000000000000000000000000	0.728739023186690815236943308264017105102539062500000000000000000000000000000000000
0.884614197388710943315004442411009222269058227539062500000000000000000000000000000	0.782542278221673215377052201802143827080726623535156250000000000000000000000000000
0.912090911790026992456148491328349336981773376464843750000000000000000000000000000	0.831909831369962771141501889360370114445686340332031250000000000000000000000000000
0.935984320952211179545088270970154553651809692382812500000000000000000000000000000	0.876066649068371838815494356822455301880836486816406250000000000000000000000000000
0.956200555528332274413116920186439529061317443847656250000000000000000000000000000	0.914319502392691219050391282507916912436485290527343750000000000000000000000000000
0.972660192581120686128315355745144188404083251953125000000000000000000000000000000	0.946067850231942730765410942694870755076408386230468750000000000000000000000000000
0.985298567609565800751170172588899731636047363281250000000000000000000000000000000	0.970813267333462071029259732313221320509910583496093750000000000000000000000000000
0.994066028594480455282678121875505894422531127929687500000000000000000000000000000	0.988167269205602383230768737121252343058586120605468750000000000000000000000000000
0.998928131064951707607235675823176279664039611816406250000000000000000000000000000	0.997857411032917362980754205636912956833839416503906250000000000000000000000000000
0.999865773419340464478466401487821713089942932128906250000000000000000000000000000	0.999731564855455889784252576646395027637481689453125000000000000000000000000000000
0.996875271969192677801174795604310929775238037109375000000000000000000000000000000	0.993760307863651881632449658354744315147399902343750000000000000000000000000000000
0.989968375411238943328839923196937888860702514648437500000000000000000000000000000	0.980037384314367709947646289947442710399627685546875000000000000000000000000000000
0.979172218670631089310063543962314724922180175781250000000000000000000000000000000	0.958778233816366176611722949019167572259902954101562500000000000000000000000000000
0.964529216296742042402456718264147639274597167968750000000000000000000000000000000	0.930316609090007351490214659861521795392036437988281250000000000000000000000000000
0.946096895830351836131910658878041431307792663574218750000000000000000000000000000	0.895099336299827630369918551878072321414947509765625000000000000000000000000000000
0.923947671796857883386167031858349218964576721191406250000000000000000000000000000	0.853679300218834202773621200321940705180168151855468750000000000000000000000000000
0.898168561213419147648551188467536121606826782226562500000000000000000000000000000	0.806706764352183469668489124160259962081909179687500000000000000000000000000000000
0.868860841727713051341197569854557514190673828125000000000000000000000000000000000	0.754919162287789990983810639590956270694732666015625000000000000000000000000000000
0.836139653731361343069750091672176495194435119628906250000000000000000000000000000	0.699129520542000837401985791075276210904121398925781250000000000000000000000000000
0.800133548011205397720857490639900788664817810058593750000000000000000000000000000	0.640213694652999931733461380645167082548141479492187500000000000000000000000000000
0.760983980715528529614744002174120396375656127929687500000000000000000000000000000	0.579096618905651894237962551414966583251953125000000000000000000000000000000000000
0.718844757619376939494770795135991647839546203613281250000000000000000000000000000	0.516737785556860784730304203549167141318321228027343750000000000000000000000000000
0.673881429872248416401703252631705254316329956054687500000000000000000000000000000	0.454116181526666051748719610259286127984523773193359375000000000000000000000000000
0.626270643602069965183432032063137739896774291992187500000000000000000000000000000	0.392214919037750964214694704423891380429267883300781250000000000000000000000000000
0.576199445930650533398420520825311541557312011718750000000000000000000000000000000	0.332005801490788676755272490481729619204998016357421875000000000000000000000000000
0.523864550127064010354160927818156778812408447265625000000000000000000000000000000	0.274434066879831184415650113805895671248435974121093750000000000000000000000000000
0.469471562785889751090451227355515584349632263183593750000000000000000000000000000	0.220403548264625631647462000728410203009843826293945312500000000000000000000000000
0.413234176066530067839011053365538828074932098388671875000000000000000000000000000	0.170762484269383979507139770248613785952329635620117187500000000000000000000000000
0.355373328166988800003167625618516467511653900146484375000000000000000000000000000	0.126290202372482313064594450224831234663724899291992187500000000000000000000000000
0.296116335330349811361116962871165014803409576416015625000000000000000000000000000	0.087684884049476177758641881609946722164750099182128906250000000000000000000000000
0.235695998794010375121388278785161674022674560546875000000000000000000000000000000	0.055552603847506140666290264107374241575598716735839843750000000000000000000000000
0.174349690190193168382037924857286270707845687866210937500000000000000000000000000	0.030397814469416341298657613378964015282690525054931640625000000000000000000000000
0.112318418990845422800184394418465672060847282409667968750000000000000000000000000	0.012615427244603105369491480303167918464168906211853027343750000000000000000000000
0.049845885660696441499251108098178519867360591888427734375000000000000000000000000	0.002484612317299223112343486974396000732667744159698486328125000000000000000000000
-0.012822475761727476079032683742298104334622621536254882812500000000000000000000000	0.000164415884660088623941270880024489997595082968473434448242187500000000000000000
-0.075440461893726162845297267267596907913684844970703125000000000000000000000000000	0.005691263290738749272557051028798014158383011817932128906250000000000000000000000
-0.137762067260552456549049793466110713779926300048828125000000000000000000000000000	0.018978387175900980621268132608747691847383975982666015625000000000000000000000000
-0.199542450770006207783069385186536237597465515136718750000000000000000000000000000	0.039817189659300353254955950887961080297827720642089843750000000000000000000000000
-0.260538897612587472263356858093175105750560760498046875000000000000000000000000000	0.067880517169182336134625188606150913983583450317382812500000000000000000000000000
-0.320511772808148798219463060377165675163269042968750000000000000000000000000000000	0.102727796508622390425635728661291068419814109802246093750000000000000000000000000
-0.379225462652928724249790093381307087838649749755859375000000000000000000000000000	0.143811951524327852336426758483867160975933074951171875000000000000000000000000000
-0.436449300368308923392390852313837967813014984130859375000000000000000000000000000	0.190487991791986333023345423498540185391902923583984375000000000000000000000000000
-0.491958472314729888807960378471761941909790039062500000000000000000000000000000000	0.242023138482242855529236180700536351650953292846679687500000000000000000000000000
-0.545534901210550482453243148484034463763236999511718750000000000000000000000000000	0.297608328438805080917717305055703036487102508544921875000000000000000000000000000
-0.596968102885957807579586642532376572489738464355468750000000000000000000000000000	0.356370915863259529743345410679467022418975830078125000000000000000000000000000000
-0.646056013206068535659198914800072088837623596191406250000000000000000000000000000	0.417388372199719803745665558381006121635437011718750000000000000000000000000000000
-0.692605781914450324698862004879629239439964294433593750000000000000000000000000000	0.479702769141327145518971519777551293373107910156250000000000000000000000000000000
-0.736434530278361920707652643613982945680618286132812500000000000000000000000000000	0.542335817386311536125731436186470091342926025390625000000000000000000000000000000
-0.777370069559151333216107104817638173699378967285156250000000000000000000000000000	0.604304225046399801080099223327124491333961486816406250000000000000000000000000000
-0.815251577485185840998838102677837014198303222656250000000000000000000000000000000	0.664635134592084009241830244718585163354873657226562500000000000000000000000000000
-0.849930230069660064273762145603541284799575805664062500000000000000000000000000000	0.722381395986265273378990059427451342344284057617187500000000000000000000000000000
-0.881269786291110523990255387616343796253204345703125000000000000000000000000000000	0.776636436229579563139679976302431896328926086425781250000000000000000000000000000
-0.909147123339575258249567468737950548529624938964843750000000000000000000000000000	0.826548491876624824570285454683471471071243286132812500000000000000000000000000000
-0.933452720325625651121015380340395495295524597167968750000000000000000000000000000	0.871333981083310726845070348645094782114028930664062500000000000000000000000000000
-0.954091088551924149108174333377974107861518859863281250000000000000000000000000000	0.910289805254195560912933160579996183514595031738281250000000000000000000000000000
-0.970981146656913818304701635497622191905975341796875000000000000000000000000000000	0.942804387163175161568062776495935395359992980957031250000000000000000000000000000
-0.984056539156819565228317969740601256489753723144531250000000000000000000000000000	0.968367272257297129200992458208929747343063354492187500000000000000000000000000000
-0.993265897134528175094203561457106843590736389160156250000000000000000000000000000	0.986577142410459129173716519289882853627204895019531250000000000000000000000000000
-0.998573040051165650154985087283421307802200317382812500000000000000000000000000000	0.997148116317026822486013770685531198978424072265625000000000000000000000000000000
-0.999957117887537383360552212252514436841011047363281250000000000000000000000000000	0.999914237613950374061744241771521046757698059082031250000000000000000000000000000
-0.997412693056996757512422391300788149237632751464843750000000000000000000000000000	0.994832080271210839050866070465417578816413879394531250000000000000000000000000000
-0.990949761767934367284738073067273944616317749023437500000000000000000000000000000	0.981981430347925843271639223530655726790428161621093750000000000000000000000000000
-0.980593714751964440345943785359850153326988220214843750000000000000000000000000000	0.961564033411057006439648375817341729998588562011718750000000000000000000000000000
-0.966385237512087713618313955521443858742713928222656250000000000000000000000000000	0.933900427281294187586979660409269854426383972167968750000000000000000000000000000
-0.948380150482732164896049198432592675089836120605468750000000000000000000000000000	0.899424909829649732451173349545570090413093566894531250000000000000000000000000000
-0.926649189729622402289521687634987756609916687011718750000000000000000000000000000	0.858678720826565711199407360254554077982902526855468750000000000000000000000000000
-0.901277729051040532581851039140019565820693969726562500000000000000000000000000000	0.812301544883400783447768844780512154102325439453125000000000000000000000000000000
-0.872365444572246739873833121237112209200859069824218750000000000000000000000000000	0.761021468883733676058511719020316377282142639160156250000000000000000000000000000
-0.840025923150770292835431973799131810665130615234375000000000000000000000000000000	0.705643551565303783768001721909968182444572448730468750000000000000000000000000000
-0.804386216130990483463847340317443013191223144531250000000000000000000000000000000	0.647037184701532486208463978982763364911079406738281250000000000000000000000000000
-0.765586340201193982224481260345783084630966186523437500000000000000000000000000000	0.586122444302658363035618549474747851490974426269531250000000000000000000000000000
-0.723778727314051129049232713441597297787666320800781250000000000000000000000000000	0.523855646112347583809309981006663292646408081054687500000000000000000000000000000
-0.679127625831602688144528201519278809428215026855468750000000000000000000000000000	0.461214332167669327500192366642295382916927337646484375000000000000000000000000000
-0.631808455247461764336946998810162767767906188964843750000000000000000000000000000	0.399181924122183895420334920345339924097061157226562500000000000000000000000000000
-0.582007117021308584270400388049893081188201904296875000000000000000000000000000000	0.338732284263455196704484251313260756433010101318359375000000000000000000000000000
-0.529919264233203457514775891468161717057228088378906250000000000000000000000000000	0.280814426605459688257582229198305867612361907958984375000000000000000000000000000
-0.475749532926961093970419369725277647376060485839843750000000000000000000000000000	0.226337618080221625316283962092711590230464935302734375000000000000000000000000000
-0.419710738162443530718803685886086896061897277832031250000000000000000000000000000	0.176157103728863229097356679631047882139682769775390625000000000000000000000000000
-0.362023037935173541690403453685576096177101135253906250000000000000000000000000000	0.131060679995812112696995654914644546806812286376953125000000000000000000000000000
-0.302913068247972649960075841590878553688526153564453125000000000000000000000000000	0.091756326915400934773892061002698028460144996643066406250000000000000000000000000
-0.242613052732634448815929317788686603307723999023437500000000000000000000000000000	0.058861093356248062047342273217509500682353973388671875000000000000000000000000000
-0.181359890319659294855014763925282750278711318969726562500000000000000000000000000	0.032891409816758851447637823639524867758154869079589843750000000000000000000000000
-0.119394224540242954724078572326106950640678405761718750000000000000000000000000000	0.014254980853565952722550314035743213025853037834167480468750000000000000000000000
-0.056959498116995056771205696577453636564314365386962890625000000000000000000000000	0.003244384425739963578871893901123257819563150405883789062500000000000000000000000
0.005699003442462006498170357104982031160034239292144775390625000000000000000000000	0.000032478640237193803200124037067197946271335240453481674194335937500000000000000
0.068335115491587106184567801392404362559318542480468750000000000000000000000000000	0.004669688009248548071772333400986099150031805038452148437500000000000000000000000
0.130702761344865664439041097466542851179838180541992187500000000000000000000000000	0.017083211823172909232804173029762750957161188125610351562500000000000000000000000
0.192556919032167289662638154368323739618062973022460937500000000000000000000000000	0.037078167067160626435562420510905212722718715667724609375000000000000000000000000
0.253654583909508901662377411412307992577552795410156250000000000000000000000000000	0.064340647938306086417448170777788618579506874084472656250000000000000000000000000
0.313755723344371351135606573734548874199390411376953125000000000000000000000000000	0.098442653931349696772024060464900685474276542663574218750000000000000000000000000
0.372624219724978333889708892456837929785251617431640625000000000000000000000000000	0.138848809125648925411056211487448308616876602172851562500000000000000000000000000
0.430028798088742558736186083478969521820545196533203125000000000000000000000000000	0.184924767185648514233875516765692736953496932983398437500000000000000000000000000
0.485743934725539061592058942551375366747379302978515625000000000000000000000000000	0.235947170122648763879169564461335539817810058593750000000000000000000000000000000
0.539550743186183123789589899388374760746955871582031250000000000000000000000000000	0.291115004472762561871235220678499899804592132568359375000000000000000000000000000
0.591237834215324498110533113504061475396156311035156250000000000000000000000000000	0.349562176607627561608637734025251120328903198242187500000000000000000000000000000
0.640602146230300539819779714889591559767723083496093750000000000000000000000000000	0.410371109754867346985918175050755962729454040527343750000000000000000000000000000
0.687449743083318409730964049231261014938354492187500000000000000000000000000000000	0.472587149265320471958062853445881046354770660400390625000000000000000000000000000
0.731596575972801366205544582044240087270736694335937500000000000000000000000000000	0.535233549975126954301174464490031823515892028808593750000000000000000000000000000
0.772869206510602757553840547188883647322654724121093750000000000000000000000000000	0.597326810372328709242140121205011382699012756347656250000000000000000000000000000
0.811105488104397975845927248883526772260665893554687500000000000000000000000000000	0.657892112833073694488916771661024540662765502929687500000000000000000000000000000
0.846155202978313036865642970951739698648452758789062500000000000000000000000000000	0.715978627527270150565641415596473962068557739257812500000000000000000000000000000
0.877880652329178223780559164879377931356430053710937500000000000000000000000000000	0.770674439733903482441235155420145019888877868652343750000000000000000000000000000
0.906157197299831906889266974758356809616088867187500000000000000000000000000000000	0.821120866218286504789602986420504748821258544921875000000000000000000000000000000
0.930873748644204357383102887979475781321525573730468750000000000000000000000000000	0.866525935914913336688414347008801996707916259765625000000000000000000000000000000
0.951933203160431840039734652236802503466606140136718750000000000000000000000000000	0.906176823279279952672027320659253746271133422851562500000000000000000000000000000
0.969252825177404297996019977290416136384010314941406250000000000000000000000000000	0.939451039114379882200012161774793639779090881347656250000000000000000000000000000
0.982764571596004277154179362696595489978790283203125000000000000000000000000000000	0.965826203184277809477009668626124039292335510253906250000000000000000000000000000
0.992415359208072556107538275682600215077400207519531250000000000000000000000000000	0.984888245192087730117691535269841551780700683593750000000000000000000000000000000
0.998167273242872021832283735420787706971168518066406250000000000000000000000000000	0.996337905373110288564930669963359832763671875000000000000000000000000000000000000
0.999997716321753715718045896210242062807083129882812500000000000000000000000000000	0.999995432648722593071966002753470093011856079101562500000000000000000000000000000
0.997899497235826382635082154592964798212051391601562500000000000000000000000000000	0.995803406583515071659462591924238950014114379882812500000000000000000000000000000
0.991880859197850850428324065433116629719734191894531250000000000000000000000000000	0.983827638843066787366353764809900894761085510253906250000000000000000000000000000
0.981965447457369244865788004972273483872413635253906250000000000000000000000000000	0.964256140000151362734470694704214110970497131347656250000000000000000000000000000
0.968192216406294048347547231969656422734260559082031250000000000000000000000000000	0.937396167909732125345101394486846402287483215332031250000000000000000000000000000
0.950615276539913844899842843005899339914321899414062500000000000000000000000000000	0.903669403991056885416810473543591797351837158203125000000000000000000000000000000
0.929303681874551923414173870696686208248138427734375000000000000000000000000000000	0.863605333145598397237563403905369341373443603515625000000000000000000000000000000
0.904341158657045562918597170209977775812149047851562500000000000000000000000000000	0.817832931241167626623678188479971140623092651367187500000000000000000000000000000
0.875825776431855107517776559689082205295562744140625000000000000000000000000000000	0.767070790662461865494492485595401376485824584960937500000000000000000000000000000
0.843869562758082003561810324754333123564720153808593750000000000000000000000000000	0.712115838949516466449551899131620302796363830566406250000000000000000000000000000
0.808598063090020802157198431814322248101234436035156250000000000000000000000000000	0.653830827632933209159205034666229039430618286132812500000000000000000000000000000
0.770149847550362975923121666710358113050460815429687500000000000000000000000000000	0.593130787681847349013253278826596215367317199707031250000000000000000000000000000
0.728675966533754215781470975343836471438407897949218750000000000000000000000000000	0.530968664203900875264707792666740715503692626953125000000000000000000000000000000
0.684339357279468485373286057438235729932785034179687500000000000000000000000000000	0.468320355921676034771650165566825307905673980712890625000000000000000000000000000
0.637314203744579033106276710896054282784461975097656250000000000000000000000000000	0.406169394294586816318570754447137005627155303955078125000000000000000000000000000
0.587785252292471138702012467547319829463958740234375000000000000000000000000000000	0.345491502812523942900213569373590871691703796386718750000000000000000000000000000
0.535947085885147833650421489437576383352279663085937500000000000000000000000000000	0.287239278868782033082851512517663650214672088623046875000000000000000000000000000
0.482003359630746752717556091738515533506870269775390625000000000000000000000000000	0.232327238695326981909872188225563149899244308471679687500000000000000000000000000
0.426166000689605750650912341370712965726852416992187500000000000000000000000000000	0.181617460143773057357208244866342283785343170166015625000000000000000000000000000
0.368654375682142487757886328836320899426937103271484375000000000000000000000000000	0.135906048709590249190526378697541076689958572387695312500000000000000000000000000
0.309694428869544513549527664508786983788013458251953125000000000000000000000000000	0.095910639272833372870330492787616094574332237243652343750000000000000000000000000
0.249517794493068240102573440708511043339967727661132812500000000000000000000000000	0.062259129768685035621889056756117497570812702178955078125000000000000000000000000
0.188360886759294909875706025559338741004467010498046875000000000000000000000000000	0.035479823660747922264846465623122639954090118408203125000000000000000000000000000
0.126463971046440304402125320848426781594753265380859375000000000000000000000000000	0.015993135972834891106453270026577229145914316177368164062500000000000000000000000
0.064070219980711995422240079278708435595035552978515625000000000000000000000000000	0.004104993088376826179675127548307500546798110008239746093750000000000000000000000
0.001424758091027925142185717177767401153687387704849243164062500000000000000000000	0.000002029935617949537234950066477701113853981951251626014709472656250000000000000
-0.061226301204645047771002452918764902278780937194824218750000000000000000000000000	0.003748659959201919820992454646102487458847463130950927734375000000000000000000000
-0.123636822497976250900819650269113481044769287109375000000000000000000000000000000	0.015286063877396087115623224406135705066844820976257324218750000000000000000000000
-0.185561615375331473432041207161091733723878860473632812500000000000000000000000000	0.034433113100702454623114334708589012734591960906982421875000000000000000000000000
-0.246757397690295227077328377163212280720472335815429687500000000000000000000000000	0.060889213314886517225410500486759701743721961975097656250000000000000000000000000
-0.306983751339203247976428201582166366279125213623046875000000000000000000000000000	0.094239023586289771827750882948748767375946044921875000000000000000000000000000000
-0.366004066784810566659302821790333837270736694335937500000000000000000000000000000	0.133958976903020082760420450540550518780946731567382812500000000000000000000000000
-0.423586472617351272873520429129712283611297607421875000000000000000000000000000000	0.179425499784410080739149861983605660498142242431640625000000000000000000000000000
-0.479504746501056455798561728443019092082977294921875000000000000000000000000000000	0.229924801917042426202542060309497173875570297241210937500000000000000000000000000
-0.533539203927302696506274060084251686930656433105468750000000000000000000000000000	0.284664082127379869380234822529018856585025787353515625000000000000000000000000000
-0.585477561282819358723372715758159756660461425781250000000000000000000000000000000	0.342783974765677512674955096372286789119243621826171875000000000000000000000000000
-0.635115769842179656023972711409442126750946044921875000000000000000000000000000000	0.403372041102224521136321300218696705996990203857421875000000000000000000000000000
-0.682258817408142648197610924398759379982948303222656250000000000000000000000000000	0.465477093931157326345271485479315742850303649902343750000000000000000000000000000
-0.726721494450443095125535819533979520201683044433593750000000000000000000000000000	0.528124130496285371094700167304836213588714599609375000000000000000000000000000000
-0.768329121733127506921334770595422014594078063964843750000000000000000000000000000	0.590329639303199038558034317247802391648292541503906250000000000000000000000000000
-0.806918236571828928482830178836593404412269592285156250000000000000000000000000000	0.651117040512190103918044314923463389277458190917968750000000000000000000000000000
-0.842337235024888109080620779423043131828308105468750000000000000000000000000000000	0.709532017509373558183938257570844143629074096679687500000000000000000000000000000
-0.874446967495396410008368093258468434214591979980468750000000000000000000000000000	0.764657498961894832589791803911793977022171020507812500000000000000000000000000000
-0.903121285404192009060864165803650394082069396972656250000000000000000000000000000	0.815628056150120017697702223813394084572792053222656250000000000000000000000000000
-0.928247536786144245013474574079737067222595214843750000000000000000000000000000000	0.861643489549544172589889967639464884996414184570312500000000000000000000000000000
-0.949727008862676913558686919714091345667839050292968750000000000000000000000000000	0.901981391363247175796402643754845485091209411621093750000000000000000000000000000
-0.967475315851813899570288413087837398052215576171875000000000000000000000000000000	0.936008486782567095119134137348737567663192749023437500000000000000000000000000000
-0.981422730492160999560269374342169612646102905273437500000000000000000000000000000	0.963190575926688885566306908003753051161766052246093750000000000000000000000000000
-0.991514457978391106074411709414562210440635681152343750000000000000000000000000000	0.983100920380182707880578618642175570130348205566406250000000000000000000000000000
-0.997710851232010198508248777216067537665367126464843750000000000000000000000000000	0.995426942666102432255570420238655060529708862304687500000000000000000000000000000
-0.999987566661691862357486115797655656933784484863281250000000000000000000000000000	0.999975133477971622752988878346513956785202026367187500000000000000000000000000000
-0.998335659801240948851841494615655392408370971679687500000000000000000000000000000	0.996674089630779080906108902127016335725784301757812500000000000000000000000000000
-0.992761620449460147064257853344315662980079650878906250000000000000000000000000000	0.985575635037437947083560629835119470953941345214843750000000000000000000000000000
-0.983287347173865899918610011809505522251129150390625000000000000000000000000000000	0.966854007112218694075522762432228773832321166992187500000000000000000000000000000
-0.969950061278416431065352298901416361331939697265625000000000000000000000000000000	0.940803121374003792354301367595326155424118041992187500000000000000000000000000000
-0.952802160573250067621131620398955419659614562988281250000000000000000000000000000	0.907831957193053429300277912261663004755973815917968750000000000000000000000000000
-0.931911013520920983310702467861119657754898071289062500000000000000000000000000000	0.868458137121590145746097277879016473889350891113281250000000000000000000000000000
-0.907358694567864887403629836626350879669189453125000000000000000000000000000000000	0.823299800607899867621597422839840874075889587402343750000000000000000000000000000
-0.879241661700888132990883150341687723994255065917968750000000000000000000000000000	0.773065899670538958510235261201160028576850891113281250000000000000000000000000000
-0.847670377495466143003000070166308432817459106445312500000000000000000000000000000	0.718545068883306048412862310215132310986518859863281250000000000000000000000000000
-0.812768875144601610216454901092220097780227661132812500000000000000000000000000000	0.660593244403821056032199976471019908785820007324218750000000000000000000000000000
-0.774674271173205419849239206087077036499977111816406250000000000000000000000000000	0.600120226417736990498497107182629406452178955078125000000000000000000000000000000
-0.733536226752361186775885926181217655539512634277343750000000000000000000000000000	0.538075395958091395876010665233479812741279602050781250000000000000000000000000000
-0.689516359729802741362902906985254958271980285644531250000000000000000000000000000	0.475432810335038757987291546669439412653446197509765625000000000000000000000000000
-0.642787609686539584963327342848060652613639831542968750000000000000000000000000000	0.413175911166535181351378014369402080774307250976562500000000000000000000000000000
-0.593533558514114933934990858688252046704292297363281250000000000000000000000000000	0.352282085082428308986379761336138471961021423339843750000000000000000000000000000
-0.541947709181737291572744652512483298778533935546875000000000000000000000000000000	0.293707319487332918495070543940528295934200286865234375000000000000000000000000000
-0.488232725526734800958195137354778125882148742675781250000000000000000000000000000	0.238371194275263958983757106580014806240797042846679687500000000000000000000000000
-0.432599636054997238598929243380553089082241058349609375000000000000000000000000000	0.187142445114916067261390253406716510653495788574218750000000000000000000000000000
-0.375267004879373866632619183292263187468051910400390625000000000000000000000000000	0.140825324951136005013907492866565007716417312622070312500000000000000000000000000
-0.316460073053151325073173438795492984354496002197265625000000000000000000000000000	0.100146977836805872730252531255246140062808990478515625000000000000000000000000000
-0.256409873672025723223555360164027661085128784179687500000000000000000000000000000	0.065746023316504184630382212617405457422137260437011718750000000000000000000000000
-0.195352324221061246500852348617627285420894622802734375000000000000000000000000000	0.038162530578570635908519648182846140116453170776367187500000000000000000000000000
-0.133527299732455972947064992695231921970844268798828125000000000000000000000000000	0.017829539773841135419374381854140665382146835327148437500000000000000000000000000
